             Name       Tree_length      Kappa.ts.tv.     Omega.dN.dS.      Tree_len_dN      Tree_len_dS    
 NM_001043315.1:   1   Min.   : 1.522   Min.   :0.5357   Min.   :0.00016   Min.   :0.0028   Min.   : 2.083  
 NM_001043369.1:   1   1st Qu.: 8.058   1st Qu.:1.3376   1st Qu.:0.02685   1st Qu.:0.3275   1st Qu.: 9.570  
 NM_001043375.1:   1   Median :10.742   Median :1.4752   Median :0.04037   Median :0.5450   Median :12.804  
 NM_001043382.1:   1   Mean   :11.492   Mean   :1.4949   Mean   :0.04452   Mean   :0.6106   Mean   :14.194  
 NM_001043383.2:   1   3rd Qu.:14.271   3rd Qu.:1.6317   3rd Qu.:0.05740   3rd Qu.:0.8294   3rd Qu.:17.922  
 NM_001043387.1:   1   Max.   :28.350   Max.   :3.5170   Max.   :0.20174   Max.   :2.6020   Max.   :29.959  
 (Other)       :4231                                                                                        
